1	2	0.014
1	4	0.117
1	6	0.989
1	8	0.015
1	9	0.023
2       1       0.305
2       4       0.125
2       5       0.456
2	6	0.356
3       5       0.898 
3       8       0.512
3	6	0.012
3       9       0.761
3	4	0.432
4       1       0.745
4       2       0.306
4	3	0.756
4       9       0.693
5       2       0.201
5       3       0.975
5       7       0.407  
6       1       0.739
6	3	0.032
6	2	0.025
7       5       0.852
8       1       0.123
8       3       0.781
9	1	0.011
9       3	0.126
9	4	0.894

